{"inspection": [[[0.9998369863384023, 0.00977924509907672, 0.015177849486463653, -0.16492093466125485], [-0.015205893672049465, 0.002799778328085747, 0.9998804638750316, -0.03870966454582334], [0.009735581511953308, -0.9999482624649167, 0.0029480240871382953, 1.686535630467023], [0.0, 0.0, 0.0, 1.0]], [[0.9991061950983946, 0.007019231074688669, 0.04168382553375745, 4.773417561399778], [-0.04167040565415578, -0.0020474537512252785, 0.999129313565444, 0.12615758366112842], [0.007098465230365423, -0.9999732688068503, -0.0017531295207640905, 1.6061716651637314], [0.0, 0.0, 0.0, 1.0]], [[0.9919370536135537, -0.011847109433672169, -0.12617657336656632, 4.877299306218697], [0.1261984073629516, 0.001110863309243348, 0.9920043991645213, 0.8376343712054227], [-0.011612219749747299, -0.9999292034843141, 0.0025969928203222743, 1.5746948032738477], [0.0, 0.0, 0.0, 1.0]], [[0.9949663584277745, 0.02516152961027373, 0.09699919084530936, 4.912221760674609], [-0.09704528902116505, 0.0006146210217768933, 0.9952797768064003, -0.28374183725764784], [0.024983143832832004, -0.9996832096562744, 0.0030533351530941306, 1.5465992933089374], [0.0, 0.0, 0.0, 1.0]], [[0.9995558354813906, 0.007122993402632158, 0.02893777323992447, 4.9049175432358], [-0.02894472742835582, 0.000875135824352898, 0.9995806305103092, -0.2577436222314916], [0.007094681754484565, -0.9999742482195604, 0.0010809202225839209, 0.9310741094111201], [0.0, 0.0, 0.0, 1.0]], [[0.9963243821289975, -0.006790684877412023, -0.08539093730699351, 4.96327608618234], [0.08542758506439596, 0.005302893486831357, 0.996330270056437, 0.7955257459572938], [-0.006312945852500404, -0.9999628822709187, 0.00586351388677376, 0.8205800899273719], [0.0, 0.0, 0.0, 1.0]], [[0.9999380970885773, 0.004938795292144192, -0.009970470998772723, 4.979399820868117], [0.00996746468263253, 0.0006329553033317234, 0.9999501232638479, -0.051745224928443335], [0.0049448598236498855, -0.9999876037574897, 0.0005836888539064476, 0.9310240857239194], [0.0, 0.0, 0.0, 1.0]], [[0.989849231637891, 0.004150657771060551, -0.14206079918803896, 4.937652444942368], [0.14182294795874098, 0.03589997607090946, 0.9892408418329685, -0.024556235384005816], [0.009205979479069343, -0.9993467685234066, 0.03494690520854874, 1.4830236204838747], [0.0, 0.0, 0.0, 1.0]], [[-0.03128371520747608, -0.0002920049271650793, -0.9995105021438944, 5.00478036338782], [0.999124176928014, -0.02781137780570153, -0.031263498564090886, -0.1908255567658499], [-0.027788635100269243, -0.9996131461708928, 0.0011617924053138884, 1.6102164248841944], [0.0, 0.0, 0.0, 1.0]], [[-0.5560212841440189, 0.0004022782118506263, -0.8311679551998357, 5.01229285562874], [0.8304082728381539, -0.04247906759558362, -0.5555336436420064, -0.30005619401962896], [-0.03553071883300413, -0.99909727603895, 0.02328521055863375, 1.550850057171285], [0.0, 0.0, 0.0, 1.0]], [[-0.9975505881736758, 0.01548948544432284, -0.0682121680862286, 5.139075633442088], [0.06742482397827532, -0.046663479274960284, -0.9966325365015204, 1.9965749973507798], [-0.01862034225927068, -0.9987905664065043, 0.04550480536736912, 1.4664156316401915], [0.0, 0.0, 0.0, 1.0]], [[-0.6344825181849145, 0.0014298067260940517, -0.7729358898191079, 4.8270580675287365], [0.77227337720538, -0.04026342938657579, -0.6340131600478254, 0.5743275578852619], [-0.03202756590075018, -0.9991880763433671, 0.02444224039884313, 1.6206507811207405], [0.0, 0.0, 0.0, 1.0]], [[-0.0827113092391758, -0.0016007636093186006, -0.9965722637520114, 3.707351828080915], [0.9959382549625786, -0.035833580545093335, -0.08260113078773268, 0.48634207684884295], [-0.03557852759791008, -0.9993564889773746, 0.004558104077284408, 1.641858259649069], [0.0, 0.0, 0.0, 1.0]], [[0.5676613461854737, 0.002081785083428822, -0.8232595351514382, 2.8017190259059213], [0.823008831190732, -0.02624117026299408, 0.567422122202945, 0.554410760688485], [-0.02042204272253262, -0.9996534735367526, -0.0166094255452765, 1.646394114667978], [0.0, 0.0, 0.0, 1.0]], [[0.997758297501868, -0.010120487810187765, -0.06615100522787046, 2.687445386397606], [0.06604562488677211, -0.010415050671287993, 0.9977622473078598, 2.0342001883109426], [-0.010786806732749631, -0.9998945456626909, -0.009723289284597186, 1.5957415203877785], [0.0, 0.0, 0.0, 1.0]], [[0.5605691988739423, -0.013584750117194955, -0.8279961520671941, 2.6913886024717386], [0.8279931540518554, -0.007426903019914388, 0.5606890207189664, 0.11010470532694591], [-0.013766267362187168, -0.9998801406547618, 0.00708478702055465, 1.4315963138750187], [0.0, 0.0, 0.0, 1.0]], [[-0.2740875751283418, -0.0596942703418743, -0.9598502983531425, 0.7406297745249084], [0.9605927466025586, -0.06497557473412874, -0.2702586721319448, 0.3868468054532877], [-0.04623393055774022, -0.9960997785243808, 0.07515088082558452, 1.4832569454964484], [0.0, 0.0, 0.0, 1.0]]], "calib_ang": [[[1.0, 0.0, 0.0, 0.0], [0.0, 1.0, 0.0, 0.0], [0.0, 0.0, 1.0, 1.0], [0.0, 0.0, 0.0, 1.0]], [[0.0007963267107330418, -0.9999996829318347, 0.0, 2.0], [0.9999996829318347, 0.0007963267107330418, 0.0, 0.0], [0.0, 0.0, 1.0, 1.0], [0.0, 0.0, 0.0, 1.0]], [[1.0, 0.0, 0.0, 2.0], [0.0, 1.0, 0.0, 0.0], [0.0, 0.0, 1.0, 1.0], [0.0, 0.0, 0.0, 1.0]], [[1.0, 0.0, 0.0, 0.0], [0.0, 1.0, 0.0, 0.0], [0.0, 0.0, 1.0, 1.0], [0.0, 0.0, 0.0, 1.0]], [[0.0007963267107330418, -0.9999996829318347, 0.0, 0.0], [0.9999996829318347, 0.0007963267107330418, 0.0, 0.0], [0.0, 0.0, 1.0, 1.0], [0.0, 0.0, 0.0, 1.0]], [[1.0, 0.0, 0.0, 0.0], [0.0, 1.0, 0.0, 0.0], [0.0, 0.0, 1.0, 1.0], [0.0, 0.0, 0.0, 1.0]]], "final": [[[1.0, 0.0, 0.0, 0.0], [0.0, 1.0, 0.0, 0.0], [0.0, 0.0, 1.0, 1.75], [0.0, 0.0, 0.0, 1.0]], [[1.0, 0.0, 0.0, 4.9], [0.0, 1.0, 0.0, 0.0], [0.0, 0.0, 1.0, 1.75], [0.0, 0.0, 0.0, 1.0]], [[1.0, 0.0, 0.0, 4.9], [0.0, 1.0, 0.0, 0.0], [0.0, 0.0, 1.0, 0.7], [0.0, 0.0, 0.0, 1.0]], [[1.0, 0.0, 0.0, 4.9], [0.0, 1.0, 0.0, 0.0], [0.0, 0.0, 1.0, 1.75], [0.0, 0.0, 0.0, 1.0]], [[-0.5473576654802712, -0.8368987907984979, 0.0, 4.9], [0.8368987907984979, -0.5473576654802712, 0.0, 0.0], [0.0, 0.0, 1.0, 1.75], [0.0, 0.0, 0.0, 1.0]], [[-0.9709581651495909, -0.23924932921398248, 0.0, 4.9], [0.23924932921398248, -0.9709581651495909, 0.0, 1.69], [0.0, 0.0, 1.0, 1.4], [0.0, 0.0, 0.0, 1.0]], [[-0.3515288419409599, -0.9361770523163062, 0.0, 4.32], [0.9361770523163062, -0.3515288419409599, 0.0, 0.28], [0.0, 0.0, 1.0, 1.4], [0.0, 0.0, 0.0, 1.0]], [[0.6967067093471653, -0.7173560908995229, 0.0, 2.8], [0.7173560908995229, 0.6967067093471653, 0.0, 0.28], [0.0, 0.0, 1.0, 1.4], [0.0, 0.0, 0.0, 1.0]], [[0.9460423435283869, -0.3240430283948684, 0.0, 2.5], [0.3240430283948684, 0.9460423435283869, 0.0, 1.7], [0.0, 0.0, 1.0, 1.4], [0.0, 0.0, 0.0, 1.0]], [[-0.8568887533689475, -0.5155013718214643, 0.0, 2.5], [0.5155013718214643, -0.8568887533689475, 0.0, 1.7], [0.0, 0.0, 1.0, 1.4], [0.0, 0.0, 0.0, 1.0]], [[-0.8568887533689475, -0.5155013718214643, 0.0, 2.2], [0.5155013718214643, -0.8568887533689475, 0.0, 0.6], [0.0, 0.0, 1.0, 1.4], [0.0, 0.0, 0.0, 1.0]], [[0.16996714290024084, -0.9854497299884604, 0.0, 0.0], [0.9854497299884604, 0.16996714290024084, 0.0, 0.6], [0.0, 0.0, 1.0, 1.4], [0.0, 0.0, 0.0, 1.0]], [[0.16996714290024084, -0.9854497299884604, 0.0, 0.0], [0.9854497299884604, 0.16996714290024084, 0.0, 2.08], [0.0, 0.0, 1.0, 1.7], [0.0, 0.0, 0.0, 1.0]], [[0.16996714290024084, -0.9854497299884604, 0.0, 0.0], [0.9854497299884604, 0.16996714290024084, 0.0, 2.08], [0.0, 0.0, 1.0, 0.8], [0.0, 0.0, 0.0, 1.0]], [[0.16996714290024084, -0.9854497299884604, 0.0, 0.0], [0.9854497299884604, 0.16996714290024084, 0.0, 2.08], [0.0, 0.0, 1.0, 1.7], [0.0, 0.0, 0.0, 1.0]], [[1.0, 0.0, 0.0, 0.0], [0.0, 1.0, 0.0, 0.0], [0.0, 0.0, 1.0, 1.7], [0.0, 0.0, 0.0, 1.0]], [[1.0, 0.0, 0.0, 0.0], [0.0, 1.0, 0.0, 0.0], [0.0, 0.0, 1.0, 0.4], [0.0, 0.0, 0.0, 1.0]]], "calib_x": [[[1.0, 0.0, 0.0, 0.0], [0.0, 1.0, 0.0, 0.0], [0.0, 0.0, 1.0, 1.0], [0.0, 0.0, 0.0, 1.0]], [[1.0, 0.0, 0.0, 1.0], [0.0, 1.0, 0.0, 0.0], [0.0, 0.0, 1.0, 1.0], [0.0, 0.0, 0.0, 1.0]], [[1.0, 0.0, 0.0, 0.0], [0.0, 1.0, 0.0, 1.0], [0.0, 0.0, 1.0, 1.0], [0.0, 0.0, 0.0, 1.0]]], "Apr6_traj_1": []}